%YAML:1.0
---
body_T_cam0: !!opencv-matrix
   rows: 4
   cols: 4
   dt: d
   data: [ -4.6886138887251017e-02, -8.9772652117745100e-02,
       9.9485806068604177e-01, 8.0215384557735317e-02,
       -9.9777260209343832e-01, 5.1519218449976090e-02,
       -4.2374575419621141e-02, 2.4686423222633952e-02,
       -4.7450231737421023e-02, -9.9462889615275607e-01,
       -9.1988229931959875e-02, 1.8602890235037268e-02, 0., 0., 0., 1. ]
body_T_cam1: !!opencv-matrix
   rows: 4
   cols: 4
   dt: d
   data: [ -4.6351229380049430e-02, -8.9941223611631538e-02,
       9.9486790069345443e-01, 7.2006332151661606e-02,
       -9.9778677483364775e-01, 5.1703257707608419e-02,
       -4.1812977763951154e-02, -2.0048505221033359e-02,
       -4.7677201071645581e-02, -9.9460411694184314e-01,
       -9.2138672989743098e-02, 1.8451694757184365e-02, 0., 0., 0., 1. ]
