%YAML:1.0
---
body_T_cam0: !!opencv-matrix
   rows: 4
   cols: 4
   dt: d
   data: [ -4.4520668503226890e-02, -6.8608609410694521e-02,
       9.9664977238283514e-01, 1.1421063755740744e-01,
       -9.9898542891654762e-01, 9.8321795419531455e-03,
       -4.3948163304925569e-02, 1.5630372665210997e-02,
       -6.7840171320099896e-03, -9.9759520195327023e-01,
       -6.8976736305562447e-02, 4.2737735652568422e-02, 0., 0., 0., 1. ]
body_T_cam1: !!opencv-matrix
   rows: 4
   cols: 4
   dt: d
   data: [ -4.3877427742946118e-02, -6.8786312717713849e-02,
       9.9666604964620120e-01, 1.0594101294905157e-01,
       -9.9901515787228312e-01, 9.6060696331059514e-03,
       -4.3317868918283764e-02, -3.3272857264645947e-02,
       -6.5943669961761597e-03, -9.9758516759668447e-01,
       -6.9140058685359662e-02, 4.3765375931168658e-02, 0., 0., 0., 1. ]
