%YAML:1.0
---
body_T_cam0: !!opencv-matrix
   rows: 4
   cols: 4
   dt: d
   data: [ -4.5727173033797586e-02, -7.6901300784137261e-02,
       9.9598956600159494e-01, 1.1314952074070027e-01,
       -9.9894376150105457e-01, 8.0266374970738852e-03,
       -4.5243059673449659e-02, 2.6496858615702945e-02,
       -4.5151970568204636e-03, -9.9700640069570201e-01,
       -7.7187110111338608e-02, 4.0619893889148724e-02, 0., 0., 0., 1. ]
body_T_cam1: !!opencv-matrix
   rows: 4
   cols: 4
   dt: d
   data: [ -4.4787150345334759e-02, -7.6632709471933513e-02,
       9.9605298001809861e-01, 1.0306822379733334e-01,
       -9.9898603875195291e-01, 8.0098379475885828e-03,
       -4.4302786308934750e-02, -2.6286858926980260e-02,
       -4.5831804051479907e-03, -9.9702721644649395e-01,
       -7.6913744690596531e-02, 4.0344341389336499e-02, 0., 0., 0., 1. ]
