%YAML:1.0
---
body_T_cam0: !!opencv-matrix
   rows: 4
   cols: 4
   dt: d
   data: [ -3.9023167620361621e-02, -3.4390771357442396e-02,
       9.9864631738885090e-01, 7.5638792549116346e-02,
       -9.9668824834971781e-01, 7.2694046102070975e-02,
       -3.6443260870585914e-02, 1.4667372953700131e-02,
       -7.1342329583808706e-02, -9.9676118027677540e-01,
       -3.7113629609688559e-02, 3.3487348365136844e-02, 0., 0., 0., 1. ]
body_T_cam1: !!opencv-matrix
   rows: 4
   cols: 4
   dt: d
   data: [ -3.8443206872214031e-02, -3.4080919997042047e-02,
       9.9867943342072252e-01, 6.8752989100072590e-02,
       -9.9671430034992858e-01, 7.2612260513448712e-02,
       -3.5889596000505175e-02, -3.3740957986740490e-02,
       -7.1293220738949559e-02, -9.9677778391940608e-01,
       -3.6760388482511175e-02, 2.9527920913658023e-02, 0., 0., 0., 1. ]
