%YAML:1.0
---
body_T_cam0: !!opencv-matrix
   rows: 4
   cols: 4
   dt: d
   data: [ -4.9526655739906555e-02, -9.2110617681333329e-02,
       9.9451633696062725e-01, 9.0655090902484997e-02,
       -9.9777141452861295e-01, 4.9140803556683266e-02,
       -4.5137409932052508e-02, 2.6059569072681945e-02,
       -4.4713697239117445e-02, -9.9453547726371561e-01,
       -9.4339120957542377e-02, 2.4886737585637277e-02, 0., 0., 0., 1. ]
body_T_cam1: !!opencv-matrix
   rows: 4
   cols: 4
   dt: d
   data: [ -4.8544134002767692e-02, -9.2230491170662288e-02,
       9.9455367052378807e-01, 8.3739141072562223e-02,
       -9.9781434952337256e-01, 4.9172086887880773e-02,
       -4.4143286650854652e-02, -2.1865654271711669e-02,
       -4.4832922491960747e-02, -9.9452282144227788e-01,
       -9.4415923928756529e-02, 2.4467540901751596e-02, 0., 0., 0., 1. ]
